-1.000000000000000000e+00
-9.797979797979797789e-01
-9.595959595959595578e-01
-9.393939393939394478e-01
-9.191919191919192267e-01
-8.989898989898990056e-01
-8.787878787878787845e-01
-8.585858585858585634e-01
-8.383838383838383423e-01
-8.181818181818181213e-01
-7.979797979797980112e-01
-7.777777777777777901e-01
-7.575757575757575690e-01
-7.373737373737373479e-01
-7.171717171717171269e-01
-6.969696969696970168e-01
-6.767676767676766847e-01
-6.565656565656565746e-01
-6.363636363636363535e-01
-6.161616161616161325e-01
-5.959595959595959114e-01
-5.757575757575756903e-01
-5.555555555555555802e-01
-5.353535353535352481e-01
-5.151515151515151381e-01
-4.949494949494949170e-01
-4.747474747474746959e-01
-4.545454545454544748e-01
-4.343434343434342537e-01
-4.141414141414141437e-01
-3.939393939393939226e-01
-3.737373737373737015e-01
-3.535353535353534804e-01
-3.333333333333332593e-01
-3.131313131313130382e-01
-2.929292929292928171e-01
-2.727272727272727071e-01
-2.525252525252524860e-01
-2.323232323232322649e-01
-2.121212121212120438e-01
-1.919191919191918227e-01
-1.717171717171716017e-01
-1.515151515151514916e-01
-1.313131313131312705e-01
-1.111111111111110494e-01
-9.090909090909082835e-02
-7.070707070707060726e-02
-5.050505050505038618e-02
-3.030303030303027612e-02
-1.010101010101005503e-02
1.010101010101016605e-02
3.030303030303049816e-02
5.050505050505060822e-02
7.070707070707071829e-02
9.090909090909105039e-02
1.111111111111111605e-01
1.313131313131314926e-01
1.515151515151516026e-01
1.717171717171717127e-01
1.919191919191920448e-01
2.121212121212121549e-01
2.323232323232324870e-01
2.525252525252525970e-01
2.727272727272729291e-01
2.929292929292930392e-01
3.131313131313131493e-01
3.333333333333334814e-01
3.535353535353535914e-01
3.737373737373739235e-01
3.939393939393940336e-01
4.141414141414143657e-01
4.343434343434344758e-01
4.545454545454545858e-01
4.747474747474749179e-01
4.949494949494950280e-01
5.151515151515153601e-01
5.353535353535354702e-01
5.555555555555555802e-01
5.757575757575759123e-01
5.959595959595960224e-01
6.161616161616163545e-01
6.363636363636364646e-01
6.565656565656567967e-01
6.767676767676769067e-01
6.969696969696970168e-01
7.171717171717173489e-01
7.373737373737374590e-01
7.575757575757577911e-01
7.777777777777779011e-01
7.979797979797982332e-01
8.181818181818183433e-01
8.383838383838384534e-01
8.585858585858587855e-01
8.787878787878788955e-01
8.989898989898992276e-01
9.191919191919193377e-01
9.393939393939394478e-01
9.595959595959597799e-01
9.797979797979798899e-01
1.000000000000000000e+00
-9.957053771771190442e-01
-9.768327045857746471e-01
-9.570424361883355102e-01
-9.368624119403317074e-01
-9.154945540230070566e-01
-8.980791261105990353e-01
-8.764685691832571068e-01
-8.579553965450180675e-01
-8.356271537329386101e-01
-8.162247140684890656e-01
-7.943729502295868716e-01
-7.759526269891532380e-01
-7.536808351746961954e-01
-7.369262041675049835e-01
-7.154692196120032710e-01
-6.949576644543778992e-01
-6.762038347186931642e-01
-6.552723192534928298e-01
-6.356334566482246817e-01
-6.155414320936278827e-01
-5.958424897388726604e-01
-5.744709808838983633e-01
-5.542881065783781258e-01
-5.336832733362523173e-01
-5.123883742690185095e-01
-4.929773698881912969e-01
-4.751297314989556542e-01
-4.564839145729868708e-01
-4.335045591060658898e-01
-4.143923610841351302e-01
-3.928692063421936886e-01
-3.731082858111056111e-01
-3.547616260397890020e-01
-3.340839578153610434e-01
-3.123074639896245563e-01
-2.919736714022383439e-01
-2.730421731606972324e-01
-2.525284451786659612e-01
-2.325898563437516775e-01
-2.119991553700132925e-01
-1.912009488513995437e-01
-1.714873280127295063e-01
-1.525389110457310293e-01
-1.314848406479896814e-01
-1.106381178873308557e-01
-9.084793794191874106e-02
-7.042501977323042950e-02
-5.057432075308163077e-02
-2.992737424412303740e-02
-1.010546486005127996e-02
1.055725653021973021e-02
2.950451627144898975e-02
5.042396801957908792e-02
7.022974902004093523e-02
9.047117540804203162e-02
1.110915020002428838e-01
1.308680508518587915e-01
1.527801188141895972e-01
1.722083297673247526e-01
1.911575193569201858e-01
2.124652649394943027e-01
2.331904233819545591e-01
2.517173043288351009e-01
2.741869740498450447e-01
2.923351914611078128e-01
3.124712820484714659e-01
3.322469288793128417e-01
3.537855476959439471e-01
3.752598228890683396e-01
3.919340930280379443e-01
4.135291928472089595e-01
4.341015496381829264e-01
4.527638404724226850e-01
4.744809435674505749e-01
4.947540570647726010e-01
5.133980187376655513e-01
5.355359894289690725e-01
5.536276984262038514e-01
5.748786508938434903e-01
5.952719425482833060e-01
6.161911589542251599e-01
6.371976397322315355e-01
6.552116244293952896e-01
6.737078605167388101e-01
6.942195571185961755e-01
7.164178439219129890e-01
7.361791984913717002e-01
7.566330988750074038e-01
7.771735700789397239e-01
7.961369945336984610e-01
8.158061930668379924e-01
8.367857796031079598e-01
8.561979288493914986e-01
8.765281281975162431e-01
8.981114581819915621e-01
9.181418777576881851e-01
9.341864390050460543e-01
9.571058994692626110e-01
9.789112003888063018e-01
9.982949395560480887e-01
-9.942913750076475266e-01
-9.755809735695903928e-01
-9.543920418208403644e-01
-9.368616267569114253e-01
-9.165032116736365753e-01
-8.990587146213772085e-01
-8.778082217170186663e-01
-8.568771390590552706e-01
-8.361994419696104908e-01
-8.170849401503732512e-01
-7.959857833790556780e-01
-7.769961544842273193e-01
-7.545583171034470071e-01
-7.417027942292406806e-01
-7.155336277034809456e-01
-6.963329735639048890e-01
-6.740714460790235840e-01
-6.580153410886435683e-01
-6.357231111725083483e-01
-6.134642492196590302e-01
-5.948618091108872630e-01
-5.742301457102712003e-01
-5.548467211599059645e-01
-5.342012545734848850e-01
-5.159573344498848968e-01
-4.944529565594729115e-01
-4.729614812758962672e-01
-4.550194359650401865e-01
-4.325205100466011920e-01
-4.119338464405826183e-01
-3.937529309680489753e-01
-3.737501323911576745e-01
-3.521856837704720466e-01
-3.323510280692602015e-01
-3.124090653748586299e-01
-2.927089368198146913e-01
-2.719565546691284919e-01
-2.515477823367788801e-01
-2.317134909818371058e-01
-2.123438649396570399e-01
-1.918169693105511719e-01
-1.711692019390300135e-01
-1.517991251240213280e-01
-1.312118459342549726e-01
-1.105630710134982292e-01
-9.036574501581416674e-02
-7.083144305768147853e-02
-5.057487056084443433e-02
-3.012206891634239617e-02
-1.045260411641030229e-02
1.004560657912979826e-02
3.049868781037880575e-02
5.066565879176693210e-02
7.010921430539740484e-02
9.078829161247879698e-02
1.113002658222179697e-01
1.314386057093565874e-01
1.508816919737318851e-01
1.719502806210345403e-01
1.913503439920008486e-01
2.117133110454477163e-01
2.317445479843919243e-01
2.535799461512278641e-01
2.722128896411923904e-01
2.917626169033177841e-01
3.121988513113751473e-01
3.328322205761241048e-01
3.525029174915529362e-01
3.730146059725177321e-01
3.923701280717769579e-01
4.142219877159649677e-01
4.346140721206451230e-01
4.534863985745923864e-01
4.736549478528969681e-01
4.928128044691675869e-01
5.147716324597041426e-01
5.369201567606365355e-01
5.553277312018104483e-01
5.723329491790032364e-01
5.953299726307068607e-01
6.153010271293041233e-01
6.364281425799203085e-01
6.548362076247651320e-01
6.728517627328998163e-01
6.968527983752391686e-01
7.140707479717109951e-01
7.369633944498921174e-01
7.565400694091238831e-01
7.811759484061762127e-01
7.935511400279086081e-01
8.164548483110346533e-01
8.380361807800951190e-01
8.577767755734793109e-01
8.752833714257097775e-01
8.978697815525196191e-01
9.168013787019436700e-01
9.354355584284543834e-01
9.570694511254808079e-01
9.757042485928301145e-01
9.957044681434854549e-01
-9.955581753328344163e-01
-9.757057745754718070e-01
-9.557631584280432691e-01
-9.393568512811995008e-01
-9.155230496625552661e-01
-8.974488961677526966e-01
-8.754292648263325427e-01
-8.551892826574942763e-01
-8.364078898840764387e-01
-8.187823978800342628e-01
-7.982438783808610827e-01
-7.764531720413200278e-01
-7.568712260650103385e-01
-7.347765892489310779e-01
-7.158009319469545995e-01
-6.951386807888902952e-01
-6.751991189650258240e-01
-6.559063093528412214e-01
-6.361291748438008264e-01
-6.163098436721157203e-01
-5.955722919374735191e-01
-5.741532936430272516e-01
-5.546781563236036217e-01
-5.325714470578071236e-01
-5.130962903976944434e-01
-4.947513471266819507e-01
-4.729909842054245694e-01
-4.546157625093625310e-01
-4.338772845378713883e-01
-4.140877022521908812e-01
-3.946425007078995240e-01
-3.725956053955190583e-01
-3.522767671241797682e-01
-3.327572728442895200e-01
-3.124385507564193531e-01
-2.917318037465437830e-01
-2.714595746984018176e-01
-2.524516379439368241e-01
-2.325263619793822290e-01
-2.119089442863465178e-01
-1.913362786036904573e-01
-1.717705815093426847e-01
-1.516789836614147735e-01
-1.313620074859019882e-01
-1.106388738771787450e-01
-9.074246867782519155e-02
-6.995896332040529852e-02
-5.066421714207023502e-02
-3.001617348714177153e-02
-9.534042857417714470e-03
1.069357421060034181e-02
3.033275524165082032e-02
5.031983950595645544e-02
7.087569078271838130e-02
8.976343733971049732e-02
1.107274431755251448e-01
1.306989669291495904e-01
1.511362248520538853e-01
1.710328425030409605e-01
1.923720208051052649e-01
2.115189810949480165e-01
2.324033484908618052e-01
2.522102921063805181e-01
2.715792913456839819e-01
2.926328097290865626e-01
3.118067719379504221e-01
3.315963709725877617e-01
3.515380331571838490e-01
3.739803448354835913e-01
3.931852188056244590e-01
4.155356207804010715e-01
4.331729753004878725e-01
4.562619160019004139e-01
4.733888922648832320e-01
4.954326843389152968e-01
5.165035638949969643e-01
5.341108430831228437e-01
5.526631665399328597e-01
5.762494206790458318e-01
5.959922946253776166e-01
6.142652906036606408e-01
6.368515185132118672e-01
6.545971121809026627e-01
6.764640211399709502e-01
6.930929329842979714e-01
7.180752687026956682e-01
7.376084077239997150e-01
7.555345865637796976e-01
7.746753810316349131e-01
7.973830678111605286e-01
8.173257546026998499e-01
8.341981099386078791e-01
8.580137282155917422e-01
8.766493536895134664e-01
8.954015067248987103e-01
9.155204994237923222e-01
9.367682545946742767e-01
9.557613323926719140e-01
9.757024229254105396e-01
9.957035286955844278e-01
-9.943073770215202778e-01
-9.768331697987541196e-01
-9.571003937820068419e-01
-9.369223107497661740e-01
-9.169812758329213276e-01
-8.952229640032395297e-01
-8.777172176364521627e-01
-8.575379145887143117e-01
-8.375668339751124458e-01
-8.162122568911853726e-01
-7.947966647439284049e-01
-7.759235149411998211e-01
-7.560858847369424929e-01
-7.356174885623959492e-01
-7.143090480433642586e-01
-6.932097744637593095e-01
-6.751657897654946838e-01
-6.573302321753090594e-01
-6.348656718078719008e-01
-6.144745295581427458e-01
-5.972516933177199894e-01
-5.742297461137065850e-01
-5.549653534492464679e-01
-5.323607846901039498e-01
-5.137441246737343148e-01
-4.940904421952666548e-01
-4.730683150151868688e-01
-4.546141732463181429e-01
-4.344025705582433283e-01
-4.135730996383991109e-01
-3.916293297279266894e-01
-3.711309807970135655e-01
-3.516573357333589445e-01
-3.337326888908763722e-01
-3.137362429400040176e-01
-2.917641475030081644e-01
-2.738065947181037574e-01
-2.515961507722301316e-01
-2.324360928891240352e-01
-2.117123562418396776e-01
-1.917717125786454480e-01
-1.715440827688766712e-01
-1.512276903563520292e-01
-1.307599737488942537e-01
-1.110756541693043303e-01
-9.032145384613089745e-02
-7.072581452065924978e-02
-5.028840932479703568e-02
-3.013658301084273100e-02
-1.027165934083770077e-02
1.048209819732232907e-02
2.986540990137643778e-02
5.030404121403516532e-02
7.093796517941192148e-02
9.074269820430946876e-02
1.107447952627727550e-01
1.315872550300255517e-01
1.508964270581110156e-01
1.714093425891382860e-01
1.912132904464728667e-01
2.110200404481644698e-01
2.317601493047828365e-01
2.530235104127780965e-01
2.716727837842197735e-01
2.948776806733769962e-01
3.123826610004252768e-01
3.327154251952500474e-01
3.532430294875925636e-01
3.727148195756990190e-01
3.944623907277976516e-01
4.124616542157935606e-01
4.335774244791716359e-01
4.538172444711218723e-01
4.742722402747635013e-01
4.951615519788197251e-01
5.152825048630527149e-01
5.336127728180358742e-01
5.548171249630314827e-01
5.752386192317994196e-01
5.951036551415289644e-01
6.145034568120437690e-01
6.336164885689448134e-01
6.578603770356162839e-01
6.761465717650365637e-01
6.961512205631232852e-01
7.167209613168001869e-01
7.372599826212782315e-01
7.556243405278592062e-01
7.746751875093861317e-01
7.946756894578076436e-01
8.173546431378256871e-01
8.361058953887868794e-01
8.538211447518406771e-01
8.772667289864585216e-01
8.995097034430150629e-01
9.168022439379183153e-01
9.356480988302624535e-01
9.583497232455935322e-01
9.790929620234777309e-01
9.943389360496468488e-01
-9.968603440265156879e-01
-9.743639042875802403e-01
-9.555537609454805015e-01
-9.353749810074366566e-01
-9.177771815351926099e-01
-8.962277601686967632e-01
-8.766777477357426962e-01
-8.551905682076735848e-01
-8.363788970838076375e-01
-8.170282143603282421e-01
-7.993112590500250914e-01
-7.798490290468653718e-01
-7.552806172533635953e-01
-7.344356350410766732e-01
-7.164801399384537195e-01
-6.961456694115546462e-01
-6.757279374139146810e-01
-6.552298081568573851e-01
-6.374280797742871707e-01
-6.177676211500817693e-01
-5.940827586826625817e-01
-5.733724926817764800e-01
-5.538494923624912580e-01
-5.354909819847923913e-01
-5.145146117116325968e-01
-4.934443878895373725e-01
-4.738195095781446708e-01
-4.542086963982504555e-01
-4.331121304194101018e-01
-4.147060183707478309e-01
-3.963461240574664424e-01
-3.729586116293107101e-01
-3.525347556912127867e-01
-3.330434568859636513e-01
-3.125014857632090193e-01
-2.928799797456379528e-01
-2.716122442727065267e-01
-2.547566707219589555e-01
-2.319113837509494125e-01
-2.115039029004314453e-01
-1.911091391031230213e-01
-1.717715757617022665e-01
-1.516041060497327064e-01
-1.311063932751906080e-01
-1.108194784502082586e-01
-9.077385818283549568e-02
-7.090640516390589454e-02
-5.133099372490314283e-02
-3.015310679296632351e-02
-1.036289509449893689e-02
1.181951520142584394e-02
3.066614612517854985e-02
5.054574592490265056e-02
7.069851097064429324e-02
9.044400700210820931e-02
1.107437950476233696e-01
1.315127096933836892e-01
1.511383238648827954e-01
1.724313616151381123e-01
1.917109579870947822e-01
2.108988196649843605e-01
2.302082592495276470e-01
2.520130609954151502e-01
2.717441857954622786e-01
2.919717288849688064e-01
3.131302426156921670e-01
3.325906105746610497e-01
3.521255145779389473e-01
3.717498400908900713e-01
3.933018377923576114e-01
4.131081918043510437e-01
4.341607555962569975e-01
4.531848405601647256e-01
4.728545257364076826e-01
4.948118067470523296e-01
5.129775475874993607e-01
5.318647450876680116e-01
5.566232061543879839e-01
5.761550219459852240e-01
5.969989515405361713e-01
6.155765967543690431e-01
6.345937819602450736e-01
6.558178195295336632e-01
6.751651722919749243e-01
6.966081798837199246e-01
7.133008605236704769e-01
7.341858123629558808e-01
7.545531081335482559e-01
7.746751049480805618e-01
8.010814844009740421e-01
8.149797986598477095e-01
8.361672202093367590e-01
8.565561899296194603e-01
8.773583587925164462e-01
8.971180082324174965e-01
9.181302062089232718e-01
9.369221786538962649e-01
9.570423943478942874e-01
9.746522086479506575e-01
9.965355323248392683e-01
-9.951765677864548021e-01
-9.757339714395372177e-01
-9.566517180825022670e-01
-9.384372338553546022e-01
-9.155224777207408016e-01
-8.954293503907444496e-01
-8.767090910847054053e-01
-8.552700085873624625e-01
-8.380798964778632953e-01
-8.228780283372737481e-01
-7.957530925957891910e-01
-7.786037856758905029e-01
-7.545549330690047851e-01
-7.358632176216542975e-01
-7.154703954202081828e-01
-6.941300478518892536e-01
-6.761457299200068771e-01
-6.560234677398792957e-01
-6.347117862978136626e-01
-6.134958053956550694e-01
-5.963381133859645411e-01
-5.795754959978622889e-01
-5.533470105354226787e-01
-5.332231620291945084e-01
-5.177212855677351122e-01
-4.922995254660967324e-01
-4.728118699700477046e-01
-4.542101233874626387e-01
-4.343613568591261354e-01
-4.148726405086389790e-01
-3.935890131518945401e-01
-3.724573298996404769e-01
-3.527451081669252808e-01
-3.323816173115233252e-01
-3.137057269817827843e-01
-2.923509129097158765e-01
-2.733274276845518713e-01
-2.523027887537814262e-01
-2.318659520891621084e-01
-2.112767879437931207e-01
-1.919842307122083258e-01
-1.721770546376165112e-01
-1.508671292873972336e-01
-1.310920389063452984e-01
-1.119661694250577016e-01
-9.142130982050657162e-02
-7.062218386242333223e-02
-5.024574492998327979e-02
-3.058957279043021671e-02
-1.039142419670938122e-02
1.048228198552269425e-02
3.031830713852387560e-02
5.152467083293083006e-02
7.062190488570703473e-02
9.015409599369758609e-02
1.104417034325619468e-01
1.307723737595425095e-01
1.506857565849082647e-01
1.727774130386369733e-01
1.911548835036206706e-01
2.104954922157530883e-01
2.331581440303403530e-01
2.525274466776376570e-01
2.719559399954108447e-01
2.921377540003716189e-01
3.115843836045039117e-01
3.318251297035866854e-01
3.552618274757428640e-01
3.723539826706748213e-01
3.936667074945534028e-01
4.132007377684487892e-01
4.357440963275233670e-01
4.540010452544627206e-01
4.749518151813353350e-01
4.956871563329866559e-01
5.122713599438925014e-01
5.342000875437351581e-01
5.552858435602379128e-01
5.755403966993154485e-01
5.953641050365078291e-01
6.178005966108802705e-01
6.329393570174465244e-01
6.552877263987568757e-01
6.750778937947944369e-01
6.973385937460636619e-01
7.153237031526400447e-01
7.387415981763612027e-01
7.550546837865311778e-01
7.790489410212365629e-01
7.971452036602495461e-01
8.150688114527014916e-01
8.370266076415185941e-01
8.572370715351806947e-01
8.764983681507768631e-01
8.964718321363106535e-01
9.155202109118022458e-01
9.368290234219026624e-01
9.543929738380295680e-01
9.755404114097259161e-01
9.956123672281578241e-01
-9.942468995504398777e-01
-9.770717244010748148e-01
-9.568947675551207066e-01
-9.387264697672614844e-01
-9.166211518181830442e-01
-8.941231646604366201e-01
-8.761373289514093887e-01
-8.562105172836145250e-01
-8.391602044072726807e-01
-8.156720650363555869e-01
-7.942864953706197939e-01
-7.767234108597018682e-01
-7.589827678329813532e-01
-7.368743119647633844e-01
-7.179109473785466600e-01
-6.941045390014078942e-01
-6.769766342917430402e-01
-6.545991698486981480e-01
-6.345659439860623641e-01
-6.157518052796527863e-01
-5.966948920461193628e-01
-5.736743647684582337e-01
-5.529173135781734194e-01
-5.344810904316509292e-01
-5.128989954594737055e-01
-4.934267874192225789e-01
-4.723415480063783423e-01
-4.527321478872230465e-01
-4.357994147570056764e-01
-4.116496761117731662e-01
-3.935722958987570297e-01
-3.736320298415350405e-01
-3.520097370385126823e-01
-3.320079690533306871e-01
-3.187620056366197718e-01
-2.909498865803701873e-01
-2.710820043827869563e-01
-2.512011702084346876e-01
-2.328120163691386191e-01
-2.115027975868191690e-01
-1.914267054670982793e-01
-1.724473429334468788e-01
-1.517853613384207156e-01
-1.311228386442957194e-01
-1.112416251415854485e-01
-9.151011704802054780e-02
-7.042564047382868231e-02
-5.007834665789367978e-02
-2.998660219830545301e-02
-1.061814526419260427e-02
1.033178194613003191e-02
3.061885773314394418e-02
5.095230500465954687e-02
7.006441761797833900e-02
9.087817214803775578e-02
1.106682585803317742e-01
1.312425008147694028e-01
1.514384137062959879e-01
1.711085273186840339e-01
1.916522059873158879e-01
2.113524140684399089e-01
2.337950688160955748e-01
2.529955719542944514e-01
2.721419073959692736e-01
2.947162426640922983e-01
3.136488060545602474e-01
3.327615963413398936e-01
3.533020999821144259e-01
3.726259372592362062e-01
3.945075640371631387e-01
4.131692388738453237e-01
4.336985456077626089e-01
4.527341384222381415e-01
4.740036729953202022e-01
4.950100647565199852e-01
5.158280346598201893e-01
5.361442935612523719e-01
5.562527270193877715e-01
5.782364513857739530e-01
5.927579705310194180e-01
6.155133010140171335e-01
6.350162017882134968e-01
6.567327714957963414e-01
6.772175285444858028e-01
6.938319575997798916e-01
7.157686552671066460e-01
7.355626350542686653e-01
7.555318981232289621e-01
7.759256280513777693e-01
7.961969983536149043e-01
8.196770600118409300e-01
8.361416289135894520e-01
8.563192212845299744e-01
8.751022003304170793e-01
8.965473072654397413e-01
9.199201041267590639e-01
9.369542885794733822e-01
9.592413299754621869e-01
9.755910402760751277e-01
9.990058074128725929e-01
-1.000194790700695391e+00
-9.743682576365225723e-01
-9.577840172962412968e-01
-9.356440387758322430e-01
-9.195395537313434398e-01
-8.966220772822540708e-01
-8.768771029408766182e-01
-8.551614627998791462e-01
-8.374469234599682954e-01
-8.180322907946041555e-01
-7.957144980814698787e-01
-7.779722497753193133e-01
-7.544066873634610593e-01
-7.354148761151237945e-01
-7.176989081291391681e-01
-6.966779284575129738e-01
-6.742222341917272210e-01
-6.570979689433912307e-01
-6.365521668687326162e-01
-6.165244413421828718e-01
-5.943859938575116741e-01
-5.741719311191298969e-01
-5.551046331623556984e-01
-5.351769776655596056e-01
-5.148775999603124598e-01
-4.941849370671529407e-01
-4.744844785335309290e-01
-4.555690016257405994e-01
-4.340009477249233139e-01
-4.152959699590307308e-01
-3.938015213313318941e-01
-3.750960047158784505e-01
-3.526252661803470079e-01
-3.327739935835786200e-01
-3.130594835997139169e-01
-2.912647527181196350e-01
-2.717903932502085396e-01
-2.521065133246761514e-01
-2.319553101412394069e-01
-2.110051110932468776e-01
-1.917728310836105399e-01
-1.714997957140636242e-01
-1.513939484650272393e-01
-1.311368073801259804e-01
-1.111660639678167112e-01
-9.101454784283138921e-02
-7.155403024413947710e-02
-5.059044342748705153e-02
-3.108565208746991507e-02
-1.003212879219332089e-02
9.742581359785052603e-03
2.979006980347357475e-02
5.022787583065450173e-02
7.027449287762242702e-02
9.152629443431763157e-02
1.107434770378621092e-01
1.308048985280571286e-01
1.510796476037499780e-01
1.713793607779870443e-01
1.904045145117392313e-01
2.150207367137828285e-01
2.304522096109855867e-01
2.524398878759392950e-01
2.725449728005949757e-01
2.923778492869048007e-01
3.117013595934309267e-01
3.324121057053366357e-01
3.525337362461146706e-01
3.750612018614164489e-01
3.933764405535402076e-01
4.121277706231248339e-01
4.336785550827729763e-01
4.527308391712635549e-01
4.720708061324134786e-01
4.935916411746497645e-01
5.165862490541834884e-01
5.332810301908410544e-01
5.543784888748325423e-01
5.728613911313895635e-01
5.948498761767797571e-01
6.155996689563644209e-01
6.366451498046054036e-01
6.582202184011017865e-01
6.752292630793439443e-01
6.950815598366888448e-01
7.154709499553935093e-01
7.378200503073431005e-01
7.572317245142033970e-01
7.746780824121755060e-01
7.975052993870589413e-01
8.162309735177710746e-01
8.400040852865335861e-01
8.573884056327740755e-01
8.786426318820823589e-01
8.954016886923128471e-01
9.155230108433364267e-01
9.356412569765069076e-01
9.582573246064981509e-01
9.754045872155887587e-01
9.969265628979654403e-01
-9.978111762343345736e-01
-9.756775666242478717e-01
-9.579929951997511184e-01
-9.371015077888816824e-01
-9.140947908330191440e-01
-8.976022963451890657e-01
-8.775447995607629226e-01
-8.587921582902017237e-01
-8.389072645739683587e-01
-8.162312237331027509e-01
-7.958360460465425668e-01
-7.774764291138540617e-01
-7.553576409334825659e-01
-7.398214360119430566e-01
-7.185295184871345331e-01
-6.941933226006516966e-01
-6.735580077402603116e-01
-6.550470760134067261e-01
-6.362476847301414828e-01
-6.144105694305076470e-01
-5.945907496197827546e-01
-5.738080880967438846e-01
-5.551198625515695317e-01
-5.345586532292563309e-01
-5.137764855179798307e-01
-4.944337600408050815e-01
-4.730962815787778664e-01
-4.548554291881008460e-01
-4.333184322600885929e-01
-4.130177563049736711e-01
-3.936624943019780276e-01
-3.720974669940619872e-01
-3.526988379075894908e-01
-3.330602460703968037e-01
-3.126069461226935187e-01
-2.928752224852607111e-01
-2.715961530574556027e-01
-2.533702857994153401e-01
-2.317142334696961348e-01
-2.124353215406098727e-01
-1.911548044592358553e-01
-1.706870012743730847e-01
-1.521756554205526135e-01
-1.316933000939105314e-01
-1.111215499231699433e-01
-9.035087546219316978e-02
-7.042487362609321788e-02
-5.024279010825814795e-02
-3.007722272703174105e-02
-1.013587070297809929e-02
9.458241401973051243e-03
3.037818711691121776e-02
5.063553163388279793e-02
7.039487181726283849e-02
9.062192187839598900e-02
1.107746514286904599e-01
1.315740237226475928e-01
1.517556411649857717e-01
1.719210594516384916e-01
1.917730320866062599e-01
2.119699774234104772e-01
2.333090518378053146e-01
2.514588803822112029e-01
2.724537270617631846e-01
2.908889709689954639e-01
3.134491578264896883e-01
3.325922487203639699e-01
3.527442745709344352e-01
3.733017809749686888e-01
3.940876335372678896e-01
4.124615242092390388e-01
4.332737816578782764e-01
4.530803170999786467e-01
4.744209563872945346e-01
4.942133732058323625e-01
5.145455717124473027e-01
5.348779345442261635e-01
5.544578620775423294e-01
5.754820526513798606e-01
5.965048619493322768e-01
6.159623549292434497e-01
6.335872312161294762e-01
6.550349551789403924e-01
6.768286489349726320e-01
6.987716578530505096e-01
7.179019011807061812e-01
7.375844779705075238e-01
7.563341797062960170e-01
7.755680469745893646e-01
7.950660618027224347e-01
8.165715591941845597e-01
8.350388185648988104e-01
8.572080346496416814e-01
8.776588672259092450e-01
8.983255162059184951e-01
9.187612848111841313e-01
9.399196662818202208e-01
9.581459263986215058e-01
9.743693230076643230e-01
9.969887324714797883e-01
-9.969218433382087685e-01
-9.770705715403281699e-01
-9.557604441903587711e-01
-9.343014667779534488e-01
-9.142113174674313392e-01
-8.978652986659473312e-01
-8.752817210492804811e-01
-8.586345864111469828e-01
-8.375656246569835872e-01
-8.176872551093956609e-01
-7.969642131429618415e-01
-7.758950526192174291e-01
-7.547041840977224414e-01
-7.344324811504014949e-01
-7.172127977616916672e-01
-6.957255244374456193e-01
-6.747154493276515952e-01
-6.562800409223192855e-01
-6.348959518320373974e-01
-6.162774363484876394e-01
-5.933726391080350604e-01
-5.749677753963156057e-01
-5.539888500063041565e-01
-5.358217600715600160e-01
-5.144254676483001054e-01
-4.931286678226758369e-01
-4.753084323862399874e-01
-4.550987551834265732e-01
-4.341502379265732015e-01
-4.123391844902484227e-01
-3.924289375769284272e-01
-3.727130110247157679e-01
-3.524417056881646304e-01
-3.337200600269977779e-01
-3.119138181553263722e-01
-2.917624927682856972e-01
-2.729352311775928852e-01
-2.520916550196943273e-01
-2.319693622819681000e-01
-2.115926009818130393e-01
-1.913047802854043189e-01
-1.710315799779229540e-01
-1.506692238557895969e-01
-1.304708679548661210e-01
-1.109228010140227566e-01
-9.077134108656871592e-02
-7.006407558794593149e-02
-5.027338938338765661e-02
-3.036224402439315767e-02
-1.009045118787982309e-02
1.031722970307177335e-02
3.018236558660853872e-02
5.016825726036225341e-02
7.048580923278270627e-02
9.102849442391251766e-02
1.105631605585910976e-01
1.310308835790752191e-01
1.514382495506869653e-01
1.715910317210234681e-01
1.917274409731456186e-01
2.126460866559223006e-01
2.316241969898298614e-01
2.522114110799134057e-01
2.714307966851136067e-01
2.918384240992041856e-01
3.147758308722692355e-01
3.333180844563734535e-01
3.527475009799131977e-01
3.742677452584043385e-01
3.945875502589973327e-01
4.132619456316255491e-01
4.346176174016165294e-01
4.541217836814099296e-01
4.735332848745952283e-01
4.940788267944958290e-01
5.154953159372696048e-01
5.363237184352401821e-01
5.542313697112909443e-01
5.734650452801317577e-01
5.947773504967145408e-01
6.176823015197328015e-01
6.369478251286710968e-01
6.569486904946003625e-01
6.747341190023010693e-01
6.972206673409777622e-01
7.170415540997695514e-01
7.352920694201997565e-01
7.571159372925508890e-01
7.762733789110929372e-01
7.971226601366158127e-01
8.199982950131483594e-01
8.389706935937263355e-01
8.591226048759562639e-01
8.776957552591621026e-01
8.965039963944797519e-01
9.169790474047453399e-01
9.366203036937299498e-01
9.556259653050704905e-01
9.743640204811782057e-01
9.957034066060107547e-01
-9.929381599575665129e-01
-9.769817101878285337e-01
-9.570717763959464275e-01
-9.356459845814750764e-01
-9.173868748481283086e-01
-8.994793886243390713e-01
-8.790874061725059141e-01
-8.558998311935799297e-01
-8.373231532853683268e-01
-8.149149887548832183e-01
-7.957748339782552138e-01
-7.734563358280751588e-01
-7.545553971250230640e-01
-7.385832006558287199e-01
-7.184950671640590869e-01
-6.962414073563608641e-01
-6.740718808962390396e-01
-6.567657278874426963e-01
-6.346866056735986916e-01
-6.163066922581912355e-01
-5.963382639540468766e-01
-5.741967860028792670e-01
-5.525723780371529781e-01
-5.332495284600639041e-01
-5.146313240227998742e-01
-4.945737115793306660e-01
-4.747947751210257472e-01
-4.527349057490834272e-01
-4.326426993011139310e-01
-4.148976667237391780e-01
-3.930458726621311460e-01
-3.716299396431831936e-01
-3.535686131634693252e-01
-3.320038508146151979e-01
-3.125457882421549538e-01
-2.921080277399996095e-01
-2.724530496022994353e-01
-2.520315180226705420e-01
-2.323448738039843031e-01
-2.117275997655453379e-01
-1.913661295351357094e-01
-1.721611124750503652e-01
-1.510167432992831071e-01
-1.314675036114125173e-01
-1.095394721511105673e-01
-9.227881701331865083e-02
-7.105778879951989147e-02
-5.046996219080450430e-02
-3.031899868516714849e-02
-1.005895004746150401e-02
1.028851291816720685e-02
3.104152070097536756e-02
5.042729637134372306e-02
7.259621584001527128e-02
9.112288510862162627e-02
1.116482766074367305e-01
1.314088496390470318e-01
1.509721417212250838e-01
1.707174104337598197e-01
1.927665510039230923e-01
2.122402007417564240e-01
2.323614204031142494e-01
2.523323499837315520e-01
2.726505531482867339e-01
2.915534108855001305e-01
3.122609526812638592e-01
3.338564294728015303e-01
3.515863112782447453e-01
3.736339475123676701e-01
3.948697141351614759e-01
4.137408081156854212e-01
4.326130889494962384e-01
4.537124851880102172e-01
4.734285928817333899e-01
4.943604119897929694e-01
5.137165204026139520e-01
5.340754309815808343e-01
5.534909597476610488e-01
5.753561709690903081e-01
5.935834170853404590e-01
6.159038375140384325e-01
6.348656006284211228e-01
6.561172709497689048e-01
6.743407825139549061e-01
6.973953802680245007e-01
7.144902034324169815e-01
7.356195501264176650e-01
7.553829643665380678e-01
7.762691268903919584e-01
7.935471447811802692e-01
8.171741672515775434e-01
8.348606914398432055e-01
8.604390125447571869e-01
8.767393185485085061e-01
8.927252127515220570e-01
9.195059201514590441e-01
9.356723634463104400e-01
9.557653305209000694e-01
9.757014500503375931e-01
9.981704048881652191e-01
